rating
7.03
5.63
6.52
6.5
6.36
5.79
6.56
5.0
7.74
6.42
6.68
6.21
6.3
7.52
6.89
4.93
7.44
6.62
6.02
6.62
6.62
5.3
4.8
6.8
9.0
4.16
7.82
7.39
5.41
6.4
5.5
8.27
7.59
6.47
8.49
6.65
7.2
6.44
5.24
6.24
6.0
7.88
8.93
6.13
6.03
4.0
6.1
4.65
6.5
6.83
7.07
8.0
7.14
7.71
6.25
6.91
7.11
7.4
7.85
5.39
6.18
6.93
7.1
6.05
5.72
5.87
6.77
7.21
5.95
8.03
6.56
7.87
5.67
9.25
6.15
4.92
6.39
7.24
7.09
4.95
7.47
6.78
5.95
6.5
5.94
5.21
6.71
4.67
6.59
7.07
6.54
7.42
6.4
6.48
7.51
6.78
8.2
6.22
6.96
5.5
7.66
6.38
5.89
7.04
7.7
4.85
7.92
7.46
6.8
5.39
7.2
6.99
7.69
6.74
6.49
5.29
7.09
7.61
8.17
7.05
6.0
7.53
7.1
5.45
6.8
5.74
6.01
6.16
7.16
6.98
6.34
6.48
8.17
7.62
5.98
6.34
6.5
5.75
5.33
7.76
7.42
7.5
5.51
7.36
6.25
8.34
6.54
6.37
6.67
6.25
6.87
4.58
6.16
6.46
7.06
3.85
5.47
6.8
5.68
6.75
8.83
8.08
8.31
7.67
3.77
5.8
7.4
5.74
4.36
6.43
7.14
5.9
6.47610799251537
7.33
6.47610799251537
6.52
8.03
6.67
7.23
5.9
6.02
7.22
7.17
6.89
6.02
5.62
6.57
6.33
6.17
5.64
5.88
6.2
7.4
6.73
7.05
6.0
7.69
8.47
6.75
6.12
6.84
7.56
5.98
5.25
5.91
5.44
7.24
6.94
6.22
7.48
6.94
7.48
5.21
7.25
6.8
6.61
5.44
4.49
4.92
7.51
4.67
5.84
7.11
5.25
7.77
8.13
6.04
7.01
7.15
3.91
6.49
6.81
7.22
7.61
5.61
6.24
6.32
6.33
5.85
4.39
7.52
7.32
6.91
6.71
5.82
6.06
6.77
7.9
6.76
6.14
5.29
7.2
5.92
6.43
4.88
5.8
6.89
6.95
4.0
7.04
3.11
7.97
6.58
5.8
7.09
5.68
6.35
7.43
6.2
6.31
6.46
6.17
6.58
5.86
6.54
6.93
5.48
8.23
6.65
6.13
7.08
7.29
6.06
3.59
7.01
7.5
7.38
6.0
5.29
7.1
7.28
4.11
6.46
6.27
5.44
7.22
6.23
5.64
6.77
5.97
7.94
5.35
6.42
6.77
5.74
7.35
4.89
5.26
6.6
5.75
6.34
8.45
7.51
5.64
6.02
7.33
6.65
6.32
7.88
6.49
6.21
6.36
7.19
6.8
5.67
5.99
6.58
5.23
5.26
7.43
6.84
5.73
7.55
6.27
6.67
2.67
7.01
5.65
6.37
6.12
5.67
4.94
5.55
7.56
6.48
6.43
3.84
6.49
6.55
8.75
5.76
6.13
5.14
6.49
5.7
6.0
7.48
6.87
5.86
6.55
6.91
6.03
6.73
6.55
5.7
6.27
7.17
5.54
7.38
4.6
5.63
6.54
7.21
6.67
8.39
7.04
4.69
7.76
7.04
6.59
3.5
6.42
6.06
7.13
5.38
7.62
7.06
6.23
6.38
7.43
6.36
4.74
7.02
6.14
6.8
5.07
5.24
6.49
7.59
7.05
6.78
6.65
6.27
7.43
5.86
8.33
6.44
7.0
7.56
6.21
7.39
6.56
6.82
7.6
6.88
6.35
6.04
5.61
8.16
6.89
7.41
6.86
4.17
6.67
6.28
6.6
5.69
4.92
6.56
6.74
7.63
4.09
7.52
7.21
4.35
5.49
5.99
3.7
7.4
6.58
7.22
8.15
7.52
7.16
6.47610799251537
6.3
6.73
6.78
6.76
5.75
7.33
6.12
7.33
6.17
6.93
6.2
5.27
7.52
6.89
5.83
7.68
6.96
7.29
6.84
6.2
3.59
6.69
8.27
5.79
5.9
8.68
6.75
6.78
6.66
8.1
8.0
7.42
7.21
5.84
6.36
5.62
5.4
4.0
6.2
5.98
7.23
4.26
7.12
6.61
6.62
5.62
6.47610799251537
6.17
6.88
7.87
7.57
6.51
4.8
7.19
7.16
6.61
8.0
7.03
6.05
5.44
5.53
6.63
7.74
6.35
6.73
7.43
6.31
6.88
7.21
8.41
5.87
6.91
8.16
7.96
6.91
6.74
7.5
6.95
4.93
7.36
6.52
4.79
3.53
6.97
6.01
6.37
6.2
6.26
5.5
6.47610799251537
7.43
6.03
6.37
5.61
6.53
6.15
6.86
4.78
8.57
5.38
6.04
7.42
7.16
5.93
8.12
6.26
7.35
6.54
4.03
6.26
7.29
6.92
5.57
4.4
7.74
7.16
7.25
6.65
5.15
5.44
6.15
6.24
5.43
5.8
4.72
7.2
4.36
5.13
6.9
5.73
6.71
5.5
5.09
6.0
6.48
7.42
6.03
6.0
7.15
5.85
7.62
6.24
6.71
4.0
5.17
7.07
6.47
4.83
7.35
7.95
6.13
7.3
6.6
6.47610799251537
6.63
6.03
6.83
7.0
4.93
6.4
4.51
5.42
5.61
5.18
5.67
6.47610799251537
6.84
7.3
6.26
4.98
6.16
5.19
7.41
6.36
6.87
6.52
5.72
6.55
8.0
4.94
5.92
6.47610799251537
6.91
7.19
7.27
5.0
6.9
5.81
7.43
4.22
4.55
6.87
4.94
6.59
7.67
3.54
6.45
7.08
7.46
4.24
6.2
7.25
5.85
7.18
7.14
5.57
6.24
7.05
4.42
6.56
5.08
5.72
4.78
7.02
6.13
7.53
4.7
4.71
8.74
3.25
8.64
5.65
7.33
3.82
5.23
7.01
7.51
8.05
4.18
5.4
8.5
6.43
6.57
6.8
7.12
5.45
7.5
6.47610799251537
7.34
6.14
5.99
6.0
7.41
8.07
4.52
7.04
5.0
6.81
5.43
5.0
7.12
7.91
6.23
3.4
7.82
4.54
6.14
7.34
6.78
6.63
6.64
5.55
5.27
6.92
6.93
6.25
8.08
6.47610799251537
6.39
6.03
6.07
6.73
6.25
5.7
7.46
4.67
5.75
7.25
5.91
5.25
7.82
3.84
5.44
7.27
5.9
6.08
7.81
6.22
7.23
6.09
8.59
8.33
6.52
8.4
6.78
6.43
6.34
4.4
7.51
5.64
6.36
8.43
8.05
6.67
7.04
6.09
6.56
7.44
5.61
6.48
6.0
5.4
7.54
8.11
5.52
7.24
7.02
6.29
7.33
6.47
6.44
6.4
5.86
6.19
6.13
5.59
7.03
6.91
7.32
7.41
6.47610799251537
6.25
7.27
7.95
6.86
6.66
6.48
6.67
6.0
5.44
6.75
6.64
6.91
7.93
6.33
7.83
9.37
6.41
6.4
8.33
5.7
7.46
5.1
4.89
5.75
7.28
7.19
7.02
6.36
6.47610799251537
7.44
6.67
6.05
4.67
6.97
6.47610799251537
8.6
5.93
5.87
4.78
6.95
5.71
6.47610799251537
6.0
6.96
7.46
8.27
6.9
4.27
6.48
6.68
6.57
7.2
7.72
6.09
5.7
5.75
7.56
4.13
6.47610799251537
8.06
5.58
6.59
5.9
5.85
6.44
7.45
3.79
6.25
6.73
7.79
7.21
7.25
6.86
6.67
6.95
5.77
6.19
7.61
7.35
6.56
7.4
6.44
6.03
7.04
4.62
6.2
6.33
7.97
8.71
6.11
6.06
7.87
5.0
7.3
7.77
6.34
7.72
6.63
6.76
5.73
6.66
6.71
4.27
6.62
6.33
6.02
7.06
7.81
6.84
5.91
5.66
9.33
5.41
4.44
6.92
6.1
6.0
4.53
7.05
7.18
5.88
7.12
6.39
3.49
5.0
6.89
5.86
5.93
7.0
6.8
5.39
7.0
7.33
6.2
7.21
5.29
7.33
6.64
6.17
6.62
6.41
7.39
8.34
6.0
8.35
6.87
6.52
5.67
6.89
7.82
6.82
5.52
6.32
8.23
5.81
6.53
7.93
6.19
5.75
7.75
7.48
6.44
7.5
7.48
7.41
6.96
5.55
7.07
7.25
5.43
6.85
6.52
6.84
6.42
7.37
7.27
8.27
5.53
5.53
7.34
4.69
4.41
7.38
7.5
6.82
7.37
7.09
4.12
7.29
7.4
6.64
6.02
6.08
7.67
8.05
6.88
5.19
7.93
6.73
8.65
6.86
7.16
5.9
5.88
7.12
7.73
6.89
7.33
5.77
4.27
6.91
6.78
6.19
7.85
6.93
6.94
6.49
6.59
6.51
3.82
7.18
6.07
6.66
5.61
6.83
6.53
7.13
7.0
6.79
7.28
5.74
6.84
7.29
3.78
5.0
6.59
4.54
6.37
7.16
7.45
7.45
6.98
7.02
8.48
5.83
6.64
6.79
6.52
6.38
6.33
5.27
5.27
7.59
6.52
6.59
6.13
7.03
5.28
8.19
6.64
4.93
5.43
5.5
5.81
5.68
5.66
6.0
6.53
7.44
7.65
7.16
7.35
5.88
6.91
3.57
5.94
4.21
7.04
5.91
6.51
5.52
7.06
7.9
7.5
7.2
5.55
6.64
7.51
8.22
6.93
6.47610799251537
7.2
5.49
5.89
6.95
7.05
7.02
7.37
7.47
8.23
5.92
7.5
7.82
6.66
7.37
6.82
7.5
6.47610799251537
6.04
7.86
5.15
6.51
7.07
5.57
7.47
6.44
6.94
5.37
6.83
6.47610799251537
7.4
6.81
7.15
6.86
4.76
5.23
5.88
7.4
7.2
5.75
6.19
7.48
5.89
6.47610799251537
6.4
6.65
6.25
5.8
6.74
7.15
5.29
6.5
7.28
7.66
7.09
6.32
7.71
5.8
7.46
7.63
5.63
6.45
6.63
6.37
5.77
7.24
8.0
5.75
7.32
7.36
7.1
4.5
5.93
7.22
7.66
7.46
4.92
6.35
5.09
6.53
7.34
6.64
5.71
8.5
6.47610799251537
8.06
7.49
7.18
7.29
6.15
6.47
6.54
7.32
6.47610799251537
7.67
4.88
6.88
5.67
6.05
6.74
6.45
5.76
7.93
5.88
6.5
6.08
6.28
9.17
6.72
5.72
4.91
7.07
6.68
7.1
6.0
6.33
8.22
6.59
8.04
5.67
5.36
6.73
6.19
7.63
6.25
6.62
6.36
8.52
6.22
6.4
6.62
7.48
6.96
8.2
6.47610799251537
5.06
6.55
7.06
6.47610799251537
7.42
6.23
6.85
6.66
8.06
5.85
6.5
5.54
7.68
6.83
6.76
7.85
6.08
8.07
5.0
6.04
4.31
7.04
7.58
6.45
6.56
5.97
6.83
7.36
6.86
4.31
7.06
5.15
5.26
7.0
7.63
7.28
3.75
6.78
7.37
5.0
7.15
7.52
6.81
6.75
6.76
7.89
6.61
6.92
6.79
6.53
5.92
8.41
6.78
7.14
5.3
7.29
7.81
5.61
8.17
7.06
6.92
6.85
8.02
7.03
6.85
5.61
6.55
6.08
7.69
7.38
7.28
4.56
5.53
7.94
7.55
6.26
6.55
6.72
6.23
6.2
6.82
6.43
5.96
8.54
6.64
5.84
7.31
6.47610799251537
5.0
6.75
6.7
5.3
4.58
6.07
8.15
7.23
5.5
7.65
8.03
6.96
4.22
6.73
8.18
7.57
7.62
6.47
6.11
7.08
7.04
6.72
7.27
6.42
6.67
5.26
7.76
5.25
6.83
6.99
5.12
5.14
6.85
5.86
8.0
7.63
6.11
6.13
4.67
6.75
6.48
7.43
6.25
6.47610799251537
7.99
8.19
6.43
6.01
7.2
7.07
6.55
5.0
4.4
7.42
7.04
6.25
6.39
3.58
6.6
5.78
7.46
7.38
4.83
8.18
6.1
7.6
5.95
6.47610799251537
7.48
7.7
7.25
7.24
7.63
5.88
4.38
6.42
5.75
5.35
6.42
7.65
6.12
6.57
6.35
6.74
8.0
7.11
5.89
6.02
6.08
5.92
7.43
5.91
6.67
6.05
7.61
6.37
7.74
5.95
4.33
7.81
6.85
4.66
6.6
7.48
6.9
7.36
6.83
6.47610799251537
7.94
3.2
5.64
6.36
6.25
7.2
7.69
6.22
5.78
5.81
6.0
7.06
4.53
5.68
6.58
7.09
6.47610799251537
6.55
5.53
5.77
7.47
6.22
6.95
7.54
6.63
5.08
7.24
5.2
5.96
5.55
7.14
5.41
8.54
7.19
6.27
5.59
8.15
7.06
6.0
6.18
5.35
6.3
6.9
6.93
3.67
5.92
6.0
6.11
6.34
7.3
5.67
8.01
7.78
7.45
5.8
6.47
6.33
7.22
6.43
5.1
6.57
7.6
8.76
6.89
6.66
6.18
6.47
6.45
4.59
5.4
4.99
6.9
7.26
3.74
6.67
5.45
7.63
5.35
6.88
7.21
7.16
8.11
7.8
7.09
6.76
5.89
6.64
7.46
6.78
5.26
6.94
7.6
6.57
5.57
7.59
6.33
4.92
5.96
6.55
5.84
6.28
6.66
3.65
6.35
6.96
7.14
7.45
7.04
7.05
8.16
5.72
3.43
6.16
5.06
6.81
4.06
7.49
5.79
3.26
6.3
7.17
5.77
5.94
4.79
6.15
7.65
6.0
6.47610799251537
5.45
6.35
6.53
8.0
6.09
6.45
8.07
4.0
5.75
6.44
6.33
5.61
5.67
7.45
6.59
5.56
5.8
7.85
5.62
7.72
6.57
7.64
5.47
6.17
6.9
6.84
6.04
5.59
6.72
6.32
7.75
6.99
6.43
6.83
6.27
7.31
6.34
7.16
4.4
5.71
4.33
6.85
5.82
4.91
7.96
4.83
6.48
6.46
5.46
6.67
6.0
6.81
6.09
6.61
7.6
6.99
7.27
6.47610799251537
5.55
7.71
6.34
5.93
7.83
6.62
7.6
5.48
5.87
5.35
5.69
6.87
4.75
6.47610799251537
6.77
6.08
4.6
6.12
6.93
6.99
7.95
7.59
4.72
6.52
8.43
6.72
7.46
6.41
6.45
6.5
7.33
7.37
6.5
4.86
7.29
6.4
6.66
7.45
6.67
7.31
4.71
5.85
6.34
6.69
5.25
5.77
7.04
6.54
7.44
6.9
8.18
6.68
7.0
7.13
5.95
5.58
6.4
8.19
8.28
7.27
6.66
7.56
6.9
6.25
5.86
5.7
6.34
3.59
6.01
6.97
6.62
4.28
7.95
6.36
4.36
7.87
6.64
6.38
6.79
6.03
7.67
5.94
6.34
5.43
6.91
6.96
6.91
6.05
7.54
6.71
6.72
5.01
5.37
6.75
5.41
5.0
7.5
4.69
6.75
3.27
6.01
7.18
6.8
7.17
6.17
6.44
3.54
6.94
6.76
4.56
6.06
7.57
6.07
5.95
7.55
7.04
7.04
6.69
4.35
5.85
5.29
6.5
6.67
6.76
6.31
4.04
6.27
6.0
7.16
6.17
7.13
3.81
7.22
3.85
7.2
6.13
5.88
8.02
7.11
5.95
4.24
5.22
6.06
6.82
8.48
5.18
6.21
7.93
6.69
6.47610799251537
6.74
6.79
5.69
6.72
6.4
6.83
7.5
7.79
5.78
5.91
5.74
6.12
6.5
7.06
6.44
6.71
6.59
6.58
5.63
6.92
5.67
6.55
6.71
7.19
6.02
6.0
6.32
6.29
4.78
7.01
7.18
8.78
6.9
6.2
6.1
6.2
6.19
8.03
5.8
3.41
7.45
7.94
5.73
6.89
6.4
5.52
7.57
8.27
6.47
7.5
5.63
8.16
8.47
6.99
6.07
5.51
7.25
7.41
6.65
7.0
6.65
5.58
5.47
6.49
6.0
7.18
7.29
4.5
7.64
4.31
6.78
6.85
7.29
6.75
7.3
7.0
7.35
6.18
5.67
6.79
7.12
7.2
4.7
4.5
7.0
6.55
6.62
7.7
6.38
6.68
7.16
6.86
6.0
7.17
5.11
7.5
6.85
6.69
5.66
7.1
5.04
5.98
7.52
6.21
7.94
7.27
7.35
6.06
6.33
6.43
8.07
7.55
7.81
7.04
7.13
6.11
9.06
6.47
6.47610799251537
6.68
6.92
3.82
7.59
6.37
6.77
7.84
6.47610799251537
5.89
6.93
5.68
6.84
7.83
7.83
6.68
6.65
5.64
5.69
8.5
6.83
6.79
7.5
7.74
5.93
7.08
5.87
7.53
7.99
6.71
6.72
8.57
6.36
7.16
6.0
4.2
6.2
7.59
6.63
7.6
6.21
6.64
6.45
7.6
5.68
6.1
6.5
5.77
7.53
7.18
7.53
6.31
6.59
6.2
8.19
6.56
4.15
7.2
4.86
7.04
5.41
5.06
7.27
5.62
8.09
7.78
6.22
8.33
5.3
5.67
6.17
5.51
6.78
5.45
4.17
6.4
7.63
6.24
6.41
6.34
6.51
4.88
4.5
6.64
4.5
6.47610799251537
8.21
6.53
7.16
6.93
7.05
6.31
6.71
4.8
7.32
6.65
6.58
6.63
6.51
6.53
8.14
5.95
7.02
6.9
6.0
7.0
5.02
8.06
3.65
5.28
7.25
5.48
7.9
5.4
7.43
6.47610799251537
7.0
5.5
3.43
8.0
7.28
3.85
6.57
6.3
5.06
6.8
6.85
5.53
8.5
6.97
9.1
7.01
8.02
7.32
5.96
6.75
5.5
7.73
7.6
6.7
6.5
6.92
5.75
6.51
5.12
6.93
6.95
6.0
7.76
6.44
7.48
5.5
6.18
6.75
6.17
5.25
6.16
5.74
5.77
7.7
7.79
4.79
7.83
5.83
6.64
6.47610799251537
6.88
6.73
6.82
5.7
6.19
6.36
5.08
5.2
7.4
5.03
5.35
5.77
5.18
7.85
6.24
6.01
7.22
5.99
7.6
8.24
6.41
6.77
5.95
4.8
7.65
5.86
8.75
7.11
7.37
6.42
6.54
5.92
8.75
5.15
6.47610799251537
7.04
6.43
6.5
6.32
5.57
5.53
6.59
6.95
6.5
6.49
5.96
7.49
7.91
7.08
6.08
7.47
6.69
6.44
5.1
5.75
7.14
7.54
5.14
7.71
8.0
6.14
5.6
7.44
7.67
5.8
7.57
7.88
7.9
5.62
7.11
7.27
6.8
6.73
5.05
7.25
6.07
7.14
6.12
7.26
7.41
6.87
6.54
6.73
8.55
6.69
5.11
4.98
6.61
7.41
6.38
8.5
7.29
4.49
5.0
7.85
7.66
5.59
5.94
7.33
7.37
6.49
7.02
6.04
7.49
6.44
5.0
5.87
6.59
7.12
7.28
6.75
7.5
7.58
8.32
3.89
5.08
7.14
7.56
7.24
6.68
4.52
6.43
4.0
7.13
8.09
6.04
7.61
6.59
3.92
6.75
7.57
6.33
7.16
7.13
5.47
7.25
5.57
6.65
7.03
6.25
7.05
6.37
6.23
5.27
7.96
4.88
7.26
5.71
6.47610799251537
6.81
5.72
6.36
6.52
7.25
8.4
7.9
6.69
6.75
6.44
6.58
5.46
4.23
6.55
5.35
6.5
7.8
7.27
6.78
6.79
6.47
7.33
5.12
5.43
6.74
8.05
5.63
7.4
6.4
6.7
4.95
8.13
6.83
5.62
5.8
6.6
6.81
7.05
5.8
6.51
4.4
5.0
6.23
6.2
7.73
6.2
5.44
7.45
6.75
6.1
6.83
7.39
4.31
3.73
6.15
3.33
7.8
6.0
7.61
7.47
6.46
6.73
7.17
5.72
6.6
6.64
7.25
6.66
7.29
7.15
5.7
5.82
6.55
7.07
5.9
5.41
6.46
5.83
5.86
7.01
6.24
5.5
4.86
6.38
6.91
7.42
6.82
6.52
7.3
4.17
7.38
6.64
7.28
5.35
6.75
8.67
6.48
5.31
7.02
6.79
7.31
6.58
6.0
5.81
6.75
7.94
6.47610799251537
5.13
5.36
6.81
8.04
7.33
6.0
6.47610799251537
6.86
3.0
6.7
7.59
6.43
5.58
6.79
